# MPC Compute Time (seconds)
0.064677
0.129283
0.256681
0.158555
0.220113
0.359082
0.302192
0.244885
0.517590
0.043634
0.085039
0.102753
0.083414
1.620494
0.071244
0.106695
0.104289
1.575883
0.131157
0.150450
0.047627
0.048111
0.046531
1.629780
0.051366
0.041921
0.048449
0.045600
1.719815
0.038698
0.041336
0.037903
0.372103
0.036156
0.037844
0.039912
0.037539
0.037691
0.038198
0.037749
0.038103
0.038385
0.037308
0.037542
0.038280
0.037925
0.037831
0.038815
0.038161
0.037380
0.038104
0.043119
0.038591
0.037754
0.037471
0.036962
0.038570
0.038612
0.037207
0.037239
0.036860
0.037216
0.037243
0.038111
0.038278
0.037431
0.038036
0.038759
0.038107
0.039612
0.038270
0.039405
0.039341
0.038140
0.038874
0.038352
0.038556
0.037712
0.037254
0.037552
0.037917
0.037459
0.039950
0.038146
0.038044
0.038707
0.038020
0.038482
0.038482
0.037932
0.038402
0.038357
0.037883
0.038198
0.037985
0.038529
0.038321
0.037638
0.037790
0.037400
0.037570
0.055921
0.045364
0.037544
0.037484
0.037526
0.037225
0.037111
0.037354
0.037180
0.037142
0.037269
0.036964
0.037275
0.038176
0.037265
0.037376
0.036930
0.038010
0.037241
0.037354
0.037268
0.036962
0.036841
0.037836
0.037338
0.037513
0.037342
0.037192
0.036972
0.037051
0.036757
0.037316
0.038568
0.038505
0.038645
0.036922
0.036975
0.037398
0.037544
0.037130
0.037359
0.038709
0.037915
0.037298
0.037089
0.037551
0.037436
0.037297
0.037447
0.037736
0.037394
0.038843
0.037477
0.037055
0.037034
0.037176
0.038750
0.037692
0.037488
0.037537
0.037415
0.037541
0.037451
0.037282
0.037732
0.037972
0.037218
0.037078
0.037240
0.037158
0.037426
0.037257
0.037553
0.037177
0.037265
0.037406
0.038120
0.038354
0.037609
0.037360
0.036885
0.036752
0.037255
0.037054
0.038141
0.040796
0.038065
0.037191
0.037094
0.037839
0.036479
0.036794
0.036385
0.036672
0.036175
0.036739
0.036408
0.036746
0.036479
0.037456
0.037048
0.036508
0.037877
0.038145
0.037344
0.037406
0.037009
0.037837
0.037089
0.036971
0.037441
0.036916
0.037173
0.037377
0.036961
0.037623
0.037576
0.037933
0.037366
0.038497
0.036940
0.037237
0.037109
0.037078
0.037623
0.037627
0.037409
0.037931
0.038379
0.037579
0.037487
0.037444
0.037400
0.037342
0.037072
0.037433
0.037074
0.037007
0.038026
0.037931
0.037283
0.037650
0.037097
0.037169
0.037051
0.036799
0.037256
0.036796
0.037088
0.036921
0.037594
0.037438
0.036999
0.038221
0.038660
0.038629
0.037339
0.037665
0.037264
0.037571
0.038305
0.037791
0.038015
0.037656
0.037202
0.037674
0.037612
0.037422
0.038195
0.037370
0.037406
0.037561
0.038097
0.037138
0.037832
0.037647
0.037425
0.037653
0.037509
0.037063
0.038469
0.039204
0.037111
0.037143
0.037556
0.037218
0.037667
0.037355
0.037316
0.037448
0.037610
0.037689
0.037637
0.036605
0.037350
0.037019
0.038545
0.036989
0.037352
0.037004
0.037276
0.036969
0.037270
0.037051
0.037165
0.037235
0.038268
0.038322
0.037267
0.037309
0.037589
0.037285
0.038176
0.037287
0.038620
0.037360
0.037218
0.037427
0.037345
0.037798
0.057612
0.043905
0.038245
0.037737
0.036700
0.036900
0.037151
0.037301
0.036862
0.037042
0.038175
0.037931
0.037922
0.037177
0.036898
0.037632
0.037063
0.036866
0.038041
0.038055
0.037468
0.037520
0.040525
0.038718
0.040981
0.038476
0.039045
0.038765
0.038994
0.039118
0.038748
0.039335
0.038144
0.038596
0.038342
0.038490
0.039116
0.039099
0.039116
0.038945
0.038493
0.040216
0.039035
0.039943
0.038926
0.039497
0.039706
0.039248
0.038494
0.038784
0.040042
0.038620
0.038825
0.038733
0.038893
0.039716
0.038223
0.038211
0.037706
0.037959
0.038034
0.037500
0.038547
0.038644
0.039639
0.038716
0.039014
0.041051
0.041789
0.042213
0.042168
0.040751
0.038531
0.038530
0.038506
0.038368
0.039799
0.040228
0.043432
0.054216
0.044906
0.038620
0.038234
0.037356
0.037210
0.036691
0.036866
0.037087
0.037251
0.037589
0.038776
0.039119
0.038836
0.038204
0.038448
0.038569
0.039265
0.038439
0.038772
0.039319
0.038884
0.042335
0.041561
0.038063
0.037809
0.038680
0.038054
0.039634
0.042150
0.038382
0.038324
0.038018
0.039940
0.039801
0.042997
0.042149
0.057621
0.049574
0.044403
0.043324
0.043786
0.042291
0.043220
0.043710
0.042363
0.042540
0.062676
0.043470
0.047245
0.042389
0.041275
0.042586
0.039800
0.043087
0.043499
0.058839
0.044936
0.043974
0.043065
0.042877
0.041104
0.043386
0.047172
0.059854
0.048874
0.040287
0.040124
0.039990
0.038843
0.039471
0.038735
0.038311
0.038804
0.038485
0.039165
0.041258
0.039119
0.039995
0.038819
0.039794
0.039118
0.039046
0.039031
0.038743
0.039873
0.038938
0.039366
0.038957
0.041112
0.039356
0.040067
0.038925
0.039028
0.039319
0.038301
0.038535
0.039346
0.038830
0.038790
