# MPC Compute Time (seconds)
0.041568
0.104453
0.073495
0.075641
0.139936
0.251286
0.176429
0.088944
0.072059
0.095499
0.162913
0.181241
0.103494
0.120221
0.161267
0.160931
0.178097
0.055192
0.078966
0.128561
0.031697
0.051213
0.088241
0.035968
0.097729
0.026499
0.029709
0.088850
0.027913
0.028856
0.028426
0.028911
0.026504
0.025267
0.033178
0.029988
0.023059
0.021759
0.020205
0.018155
0.018349
0.016673
0.017164
0.018228
0.017555
0.017646
0.015701
0.015702
0.015457
0.015488
0.015667
0.015619
0.015519
0.016324
0.015464
0.015498
0.015481
0.015595
0.015465
0.015596
0.015492
0.015483
0.015551
0.015406
0.015330
0.015519
0.016021
0.015826
0.016170
0.016233
0.017160
0.016380
0.016396
0.016146
0.017110
0.015715
0.016275
0.016171
0.015875
0.016038
0.016484
0.016430
0.015864
0.015632
0.015474
0.015385
0.015732
0.015737
0.015750
0.015620
0.015702
0.015621
0.015862
0.015630
0.015553
0.015872
0.015932
0.015606
0.015592
0.016027
0.015840
0.016382
0.015550
0.015664
0.015755
0.015802
0.015573
0.015099
0.015064
0.015199
0.015345
0.015204
0.015258
0.015155
0.015101
0.014968
0.015108
0.015220
0.015230
0.015181
0.015108
0.015196
0.015588
0.015481
0.015527
0.015363
0.015377
0.015474
0.015640
0.015403
0.015727
0.015345
0.015680
0.015706
0.015887
0.016364
0.015594
0.015418
0.015459
0.015402
0.015458
0.015360
0.015580
0.015497
0.015225
0.015680
0.015646
0.015297
0.015116
0.015485
0.020671
0.024067
0.023340
0.020578
0.017293
0.016344
0.015700
0.015803
0.015911
0.015832
0.016100
0.016179
0.015538
0.015550
0.015541
0.015186
0.014846
0.015021
0.015804
0.015514
0.017056
0.015843
0.015336
0.015768
0.016355
0.015782
0.015340
0.015670
0.015825
0.015623
0.016165
0.015490
0.015136
0.015623
0.015345
0.015564
0.015696
0.015938
0.015374
0.015524
0.015029
0.015689
0.015365
0.015623
0.016205
0.015561
0.015499
0.015678
0.015747
0.015343
0.015535
0.015391
0.015534
0.015858
0.015568
0.015680
0.015914
0.015892
0.016023
0.015918
0.016294
0.016345
0.016011
0.015679
0.015586
0.015757
0.015775
0.015588
0.015901
0.015632
0.015811
0.015758
0.015996
0.015941
0.015850
0.015484
0.015581
0.015651
0.015658
0.016254
0.016000
0.015592
0.015646
0.016764
0.016068
0.015855
0.016260
0.016339
0.016394
0.016195
0.015978
0.016209
0.016626
0.016649
0.016172
0.015778
0.016424
0.016906
0.015745
0.016346
0.015456
0.015695
0.016082
0.015708
0.016074
0.016179
0.016182
0.016182
0.016340
0.015932
0.015972
0.015782
0.015718
0.015699
0.015758
0.015711
0.015788
0.015750
0.015710
0.015869
0.015705
0.015825
0.015929
0.015990
0.015886
0.015514
0.015926
0.015687
0.015391
0.015863
0.016245
0.015563
0.015665
0.015448
0.015527
0.015864
0.015442
0.015533
0.015657
0.015443
0.015406
0.015819
0.015387
0.015611
0.015644
0.015526
0.016959
0.015638
0.015734
0.015687
0.016220
0.015518
0.015492
0.015492
0.015437
0.015450
0.015379
0.015412
0.015406
0.015489
0.015475
0.015913
0.015761
0.015361
0.016058
0.016033
0.015220
0.015430
0.016917
0.016011
0.015951
0.016170
0.016046
0.016035
0.016339
0.016351
0.016468
0.016190
0.016745
0.016132
0.016305
0.016603
0.015946
0.016041
0.016083
0.016392
0.015936
0.016082
0.015328
0.015862
0.015915
0.015997
0.015835
0.016047
0.016007
0.016377
0.016365
0.016180
0.016103
0.015900
0.015811
0.015873
0.015993
0.015674
0.015917
0.016012
0.015584
0.015585
0.015681
0.015804
0.015655
0.015791
0.015489
0.015605
0.015815
0.015677
0.015485
0.015740
0.015749
0.015830
0.015483
0.015349
0.015723
0.015806
0.015699
0.015580
0.016448
0.015826
0.015929
0.015947
0.015658
0.020629
0.025588
0.022222
0.019906
0.016129
0.015656
0.016356
0.017758
0.017333
0.017696
0.016941
0.017576
0.017203
0.016553
0.015166
0.017645
0.016863
0.015950
0.017906
0.016516
0.017657
0.015535
0.019066
0.015640
0.016541
0.021002
0.022745
0.024699
0.018011
0.022806
0.017324
0.016754
0.017494
0.015928
0.015676
0.015528
0.015551
0.015709
0.015821
0.015777
0.015824
0.015957
0.016390
0.016290
0.016074
0.015891
0.015852
0.015969
0.015884
0.015672
0.015897
0.015616
0.015694
0.015528
0.015629
0.015629
0.015792
0.015593
0.015544
0.015495
0.015513
0.015913
0.015589
0.015383
0.015426
0.015358
0.015409
0.015526
0.015767
0.015631
0.015448
0.015162
0.015424
0.015473
0.015535
0.015423
0.015532
0.015490
0.015455
0.015461
0.015481
0.015768
0.015710
0.015644
0.015571
0.015525
0.015739
0.015874
0.016083
0.015925
0.015833
0.016092
0.015954
0.015785
0.015658
0.015808
0.015818
0.015727
0.016166
0.015600
0.015464
0.016986
0.015975
0.015946
0.016019
0.015996
0.015888
0.016167
0.015838
0.015539
0.015644
0.015775
0.015986
0.015343
0.015447
0.015696
0.015250
0.015578
0.016382
